$ANSIBLE_VAULT;1.1;AES256
38313162376238323964623837356531356562306430333633653834653835306539346464646464
3731626330343735303337323136383139383238643733390a613939646136396263336533303566
65636631366135653131393733343465306631633139643832383065323334663162306534643138
3864613863366435650a323666333237636562393566333961633237353436313339353663643562
36346630346136393930353333633737306137363032656538373931303262396166316635613462
32333361336166663932656363316233613064633136336338326265336133626233643034306136
66626538396231636135376234323731323536633933343862383735636636393837326232353635
34643636393865653133386432663664396339623466613364623839616664653636333030353362
63363031343335656330393932623861383134363365376561396233643365316139366261313533
63376335646134353036353331373036353262373535316664313634373434363033373839326636
34633332643731386566346235633630383764396536346637663235343337383633623338386138
61363561636336313264376430323033643237653262376534376633356433386564653231613731
31663564313661373634666233383364343637313265633062303533636362616162353761376665
3261366633353732353130656534653862356439343737386330
